58530
21836
6151
37149
48661
55715
57876
33553
65012
12011
19387
38584
42639
8762
12664
12566
31679
10594
52554
51364
60456
54043
43673
49086
64970
42895
30002
57065
44012
39826
28659
37006
61663
34811
8619
44788
24990
959
12805
24466
12971
32192
63051
55610
40955
10179
2641
7098
20773
55195
58462
15694
43702
36599
64780
43136
13959
29247
34666
57971
3537
63325
29442
65200
32600
38061
44452
57590
39021
57257
16521
51992
23914
14036
42066
64869
24215
44707
6431
44988
34367
64894
60682
12533
35957
59927
55670
49916
23638
24800
42352
27175
22589
6258
26840
55190
44319
5756
47244
17804
63014
63765
4260
21392
12265
46327
20725
36480
25498
27156
15933
59865
26514
11079
6863
62472
5470
62533
46852
29108
21797
23668
56284
44386
29926
17588
34040
8710
23344
15749
26514
20822
13978
30775
42214
26244
11566
62939
62724
37064
24560
13121
31394
51074
24201
38257
48010
29671
35254
29327
58780
57051
52995
49528
35901
17386
1580
4406
26096
24924
20155
52610
45747
34133
17849
22425
60377
29415
19829
57566
944
44389
5151
32338
29927
29352
5059
12402
59024
40313
41729
52268
31828
29188
36260
2193
46574
37840
6599
7134
62764
26754
59745
42975
60888
12058
65401
55729
41474
19694
47759
42418
64083
52911
9220
28474
16727
14279
40876
10215
54592
17069
62483
20884
46258
33207
23077
27296
5511
29677
34431
2740
56431
28640
45715
51783
40698
45580
41977
16636
65274
24200
59054
63821
11575
2738
26760
28303
17017
2100
38518
6073
19170
35466
26957
65428
3137
50035
27188
8649
14176
61619
11389
5071
24723
57104
56855
65422
37149
33296
16522
36887
57496
10041
35173
3536
12779
61933
31839
29797
64033
4821
35870
17667
40287
62828
17559
43425
47327
44748
52074
61503
40831
63463
1038
19
55031
57893
65441
26644
25653
16427
63532
17614
26468
33169
21150
39248
29566
52989
3509
28063
57810
39379
45731
32562
36671
63290
10451
18462
42502
62525
14429
17798
60452
15468
17817
49947
7825
17722
11056
33479
34149
9052
51093
60618
42221
6707
34330
6251
59696
37839
34314
51970
11682
14509
18996
48354
12264
29447
1280
54766
26436
15710
7028
21352
31178
24845
5764
39003
42567
16820
6946
11181
25872
58039
6263
2557
64746
40593
8808
58906
12896
43122
45341
24578
57632
64337
7396
4360
28249
8677
59126
54685
24387
619
10502
55565
25464
16266
29032
2496
33086
35979
13677
58958
28482
19940
61515
27693
60533
4787
21063
7893
47909
868
32471
40005
65206
39868
44365
27919
48545
37956
17068
7396
38575
27570
62961
64039
43836
26457
999
11386
62436
14676
4808
25383
34616
787
53076
29613
5574
8603
37506
53484
9472
4442
27953
9142
44310
6783
37061
27319
44739
54129
34715
17778
16164
32140
16281
60000
58597
17281
5851
55498
31957
10659
15345
1038
11447
2885
30651
17021
11488
2622
4969
20960
7064
32923
30102
51374
39706
1627
13157
18909
55757
47872
36687
6385
14476
52968
849
7537
4713
6700
63035
36671
17360
12844
37709
28807
15729
2824
45828
27218
5446
50798
48178
12510
18185
12745
63884
57891
14372
11505
11264
4593
59377
47951
10978
8317
35383
11828
15855
40097
18528
13354
11232
35888
26199
48941
64695
41928
51765
44988
3610
57212
30250
51789
4186
48435
64534
2535
40790
13370
14040
52054
17964
7882
34469
28942
16199
4316
40770
32054
44413
59299
45409
55645
29651
6072
39050
28811
48000
25280
8263
51611
16956
38513
37864
21142
21412
36862
23677
62202
50232
37718
48720
2660
45600
17653
31603
61799
21969
6837
28318
847
600
8191
56492
30252
14263
30007
59063
62263
55287
1790
48338
6707
40303
20666
27849
61715
57528
51527
58381
42225
23709
41565
44885
3773
59218
10952
36
15651
17790
28354
16498
18390
36545
7455
48642
50808
37462
42169
47536
27213
43959
30338
33920
18726
51005
61769
14905
42997
47760
7750
19686
5933
49315
64572
9706
42997
9988
9743
58649
27778
38097
9611
46169
9107
17066
29275
59915
54528
5909
41915
16205
49868
6718
50125
3059
57723
46359
17964
35184
28583
25715
54871
34517
9494
53907
44223
52492
63895
53966
45605
26138
26528
55216
6771
35635
6747
36046
30014
61275
41955
6394
11945
26288
13112
62070
29347
5299
42893
47311
40483
5941
7490
29818
40458
16985
18189
19145
3941
16549
7576
49546
42687
34104
39226
49458
4203
45973
19968
34217
41713
61924
40611
53658
22676
53723
50192
52023
59022
27550
33798
33970
33491
41289
63788
8413
58274
16442
27558
62215
32991
35134
46225
10142
3702
19915
59600
7905
353
14032
42123
42066
10420
17198
30188
33096
5386
14844
19583
64408
42394
53382
32842
10349
29135
31095
18762
21873
47537
46321
18552
14992
15919
64777
25134
19622
19156
19198
27527
19509
33230
4114
61575
43651
21313
26227
11211
26699
41072
30795
25571
17930
18641
58414
28280
47776
23973
47042
4113
5974
27827
22665
20966
43747
21906
46100
63369
41062
65298
25360
60572
32992
29475
56611
11107
50788
17303
22319
11951
58375
53114
37522
10769
6219
30400
39049
53995
54373
20556
58108
60347
48383
15237
15777
26594
37143
61877
24427
12669
61639
49788
7705
29096
13727
64317
40203
64515
16084
62522
10930
8923
50100
48452
19692
56319
13317
58742
44778
2154
13762
37350
62502
62145
52587
12743
23204
24194
9085
47631
36864
5188
31883
44569
34284
45610
43350
8952
44589
59434
5938
55519
2821
56039
38436
22514
46822
51753
15720
26065
53907
29482
63415
50873
26091
50467
63617
49295
9125
7166
31391
45989
12354
63274
25023
46639
43349
2837
55591
22402
62272
61529
12386
65093
52032
50822
22071
33319
37039
37791
59384
25410
1737
57263
10748
27829
42194
8829
11588
51320
15995
42979
31773
28349
40718
56796
9452
18531
59634
65043
40933
56370
61037
53319
55927
47533
38605
12463
15316
10108
50254
9164
35519
51992
892
46267
14285
43086
55096
25873
28870
5555
3317
60644
33904
44035
51904
43357
62566
46002
42864
37963
36836
38365
25747
27228
20363
64352
39691
35679
8925
24409
44844
44444
10865
45736
25175
25150
23286
14735
51024
52157
20290
54341
47265
54194
32840
33633
32015
29870
14100
9344
2297
50936
47709
28044
12628
2536
26861
52319
38216
35786
11193
17524
14694
22058
63260
39869
47209
21010
54604
32697
7631
9358
